Point(1) = {4.509881019592285e+00,8.474619388580322e-01,-1.345000028610229e+00};
Point(2) = {4.849546432495117e+00,6.369206905364990e-01,-1.345000028610229e+00};
Point(3) = {4.849880695343018e+00,8.469204306602478e-01,-1.345000028610229e+00};
Point(4) = {4.985392570495605e+00,6.824411153793335e-01,-1.345000028610229e+00};
Point(5) = {5.025794029235840e+00,7.118983268737793e-01,-1.345000028610229e+00};
Point(6) = {4.885238170623779e+00,8.198057413101196e-01,-1.345000028610229e+00};
Line(1) = {1,2};
Line(2) = {2,3};
Line(3) = {3,1};
Line(4) = {4,5};
Line(5) = {5,6};
Line(6) = {6,4};
